0
16
18
45
50
61
70
52
50
23
20
-15
-19
-47
-52
-63
-64
-54
-53
-25
-21
12
18
45
50
61
62
52
50
23
20
-15
-19
-47
-52
-63
-64
-54
-53
-25
-21
12
18
45
50
61
62
53
50
23
20
-14
-19
-47
-52
-63
-64
-54
-53
-25
-21
12
18
45
50
61
62
53
50
23
20
-15
-19
-47
-52
-63
-64
-54
-53
-25
-21
12
18
45
50
61
62
52
50
23
20
-15
-19
-46
-52
-62
-64
-54
-53
-26
-22
11
18
45
49
60
62
52
50
23
20
-15
-19
-47
-52
-63
-64
-55
-53
-26
-21
12
18
44
50
61
62
53
51
24
20
-15
-19
-46
-52
-62
-64
-54
-53
-26
-21
12
18
45
50
61
62
52
50
23
20
-14
-19
-47
-52
-63
-64
-55
-53
-25
-21
12
18
44
50
61
62
53
51
24
20
-15
-19
-47
-52
-62
-64
-54
-53
-25
-21
12
18
45
49
60
62
52
51
24
20
-14
-19
-47
-52
-62
-64
-55
-53
-25
-22
