0
16
18
45
50
60
61
52
51
24
19
-15
-20
-47
-52
-62
-63
-54
-53
-26
-21
13
18
45
50
60
61
52
51
24
19
-15
-20
-47
-52
-62
-63
-54
-53
-26
-21
13
18
45
50
60
62
53
51
24
19
-14
-19
-47
-52
-62
-63
-54
-53
-26
-21
13
18
45
50
60
62
53
51
24
19
-15
-20
-47
-52
-62
-63
-54
-53
-26
-21
13
18
45
50
60
61
52
51
24
19
-15
-20
-47
-52
-62
-63
-54
-53
-26
-21
12
17
45
50
60
61
52
51
24
19
-15
-20
-47
-52
-62
-64
-55
-53
-26
-21
13
18
45
50
60
62
53
51
24
19
-15
-20
-47
-52
-62
-63
-54
-53
-26
-21
13
18
45
50
60
61
52
51
24
19
-14
-19
-47
-52
-62
-64
-55
-53
-26
-21
13
18
45
50
60
62
53
51
24
19
-15
-20
-47
-52
-62
-63
-54
-53
-26
-21
13
18
45
50
60
61
52
51
24
19
-14
-19
-47
-52
-62
-64
-55
-53
-26
-21
